1.3713800405747953, 1.3838420084482728
1.5328427527943116, 3.4350110994735537
1.6170078456564476, 5.406261095670564
1.414506954463833, 7.462231461178868
1.534350099101617, 9.427621878096346
1.410986959543236, 11.528621560445194
1.4214268238265082, 13.65385991534782
1.4605136897908426, 15.551191828642892
1.668139313680192, 17.345128525400597
1.585706750208671, 19.479182612762195
3.5295383078044393, 1.4603864004807954
3.2932059910053813, 3.602751405559563
3.4255552029818, 5.552759549340504
3.724210941409608, 7.635447677839546
3.614243664359364, 9.53358786419872
3.6469725239874062, 11.513939163347377
3.561285587635576, 13.45544754029379
3.421152606382377, 15.705742038142157
3.5084275246957817, 17.573459125799864
3.535421927003258, 19.43364429319501
5.604267241258269, 1.367822030896835
5.310176184940423, 3.5856888398611564
5.536713652503577, 5.60409892089151
5.386919778686883, 7.57992715535385
5.234603743426063, 9.6273558819129
5.575714848850137, 11.477805909875668
5.34338034397851, 13.337906261662605
5.46635157351121, 15.38040370196049
5.70070376923011, 17.559182234719124
5.494007381973966, 19.395287432453813
7.514045239681712, 1.4426580581677813
7.404644349482737, 3.3238275829253645
7.551997407764198, 5.516385320890585
7.496623346068665, 7.4962351600758526
7.473465707728508, 9.527236625702
7.418536851027674, 11.56300077090809
7.493602074182509, 13.540005635233845
7.417149911519503, 15.421833598207563
7.592245184448301, 17.560004750042822
7.471771200662083, 19.510789472693276
9.434523363405207, 1.5959424789373127
9.424771887917089, 3.4510075799551623
9.567911241308785, 5.499567136045219
9.607193279857569, 7.499760673946622
9.43533909421272, 9.56278401861589
9.512609753970624, 11.516494423827131
9.559452530427794, 13.54218196815608
9.526059947239563, 15.51770141743311
9.561102812590052, 17.418028545195025
9.54166896458052, 19.490760340550395
11.684650434663173, 1.4456018723237867
11.66427773769761, 3.595907595462043
11.456249748288037, 5.399921812381238
11.471061934289873, 7.533707718120387
11.314612347510288, 9.532555487511521
11.415724345494004, 11.202047135386776
11.612257816266107, 13.431677048838225
11.565789152839638, 15.492263851257926
11.517284536054932, 17.460850336902567
11.5858522118011, 19.557488202153646
13.378916605824841, 1.607969679895025
13.657993710377946, 3.4873492614180983
13.472541366973687, 5.588865024099275
13.521023266009907, 7.5157092910968935
13.645880564343164, 9.550298361101952
13.337475973934067, 11.653972321069816
13.520406174641, 13.588340837724688
13.47999696751019, 15.518416627788909
13.418671430738755, 17.355541407903296
13.37422002661905, 19.466601329712066
15.539260032097577, 1.6402899134308293
15.62891137577731, 3.4861252034703707
15.553864342358487, 5.332949834572114
15.537119143192829, 7.573048307342447
15.484675641635018, 9.471062807761296
15.557488944586686, 11.363299885665688
15.464502195088825, 13.520984591123822
15.418516840094476, 15.473885495394041
15.44189826243805, 17.379782404072717
15.449834657248928, 19.48088104889714
17.419614783665995, 1.4763868763922956
17.37605438986158, 3.367358434625505
17.496200593890915, 5.413465863929259
17.523372469607327, 7.605315453109017
17.61150223845672, 9.391536353654086
17.394566167930165, 11.524990545569418
17.34436610668973, 13.504042794103777
17.57297456772642, 15.507148476870164
17.449638052459484, 17.57099256156023
17.41669914895143, 19.409935497934253
19.466892901603224, 1.5583760512167484
19.403176106841798, 3.5682007733944294
19.445673909844572, 5.400851850201909
19.46551363472316, 7.488610748602047
19.51323483486592, 9.527773458458018
19.462432439585633, 11.52659373028369
19.42417116919443, 13.495366332950761
19.51442242964429, 15.470311442896694
19.412900631239935, 17.453827102546132
19.409234632978553, 19.623347525250594
