1.5009146322742253, 1.4995147551600985
1.5022749986829218, 3.495094589279841
1.503151600905544, 5.498050152190093
1.5010863138012969, 7.4957971545613145
1.5036058459053536, 9.499987565879385
1.5023507670780485, 11.501106177905795
1.5008439601159282, 13.500033111619544
1.496582615684954, 15.500791162141482
1.497015696384526, 17.49771035785218
1.502687030666018, 19.493009792671888
3.5013707632210576, 1.4933447167211233
3.496562336712238, 3.494087521728371
3.4973765126904115, 5.501396885877826
3.494572800288549, 7.5017632780103005
3.504522410017745, 9.503994716348652
3.5016369400548744, 11.497708773235683
3.500073147405001, 13.498742647867944
3.4973460237799325, 15.504334440190336
3.4967225899613448, 17.498635616176653
3.502263982539474, 19.50186290767374
5.495779300197716, 1.5034065717890979
5.498962817457084, 3.4976933257205123
5.496537227714159, 5.503451684262133
5.499560336697602, 7.500680864982446
5.499455766546049, 9.497144514436576
5.501494333087953, 11.500225958826558
5.503557455013119, 13.502068437153534
5.497289550691513, 15.501327802376885
5.500650846217494, 17.496112958728332
5.498614883122984, 19.502042201067713
7.504658085405876, 1.499305197219834
7.50031725905933, 3.5034508395313853
7.499659248362048, 5.500665182058414
7.496913408862954, 7.4983963053364615
7.500660822156213, 9.497080546446377
7.495022373769792, 11.507178363602595
7.502291265794606, 13.499973380363594
7.502935716046098, 15.499349249453246
7.498532236955424, 17.497925449799286
7.501506734726196, 19.498689690355018
9.498000981655018, 1.507503304184248
9.496942663657542, 3.502890706892213
9.501004997012785, 5.495820029165874
9.499088489526844, 7.499277199858748
9.50240413338153, 9.495425963594684
9.498637928268938, 11.501077777382948
9.49742258356561, 13.500773198208076
9.497141046332933, 15.501423234339548
9.505865462618118, 17.498029652850118
9.502237899661745, 19.50252605073562
11.50108572426171, 1.504921801316075
11.503324725755595, 3.4948390734178183
11.501803222441938, 5.499523638007432
11.502196205178446, 7.501270210643731
11.50229160553113, 9.50252490456762
11.499527596757822, 11.503068082779091
11.498008364910596, 13.506120151507604
11.497434018483434, 15.503469560946984
11.501121361518551, 17.499273923665584
11.499904485142602, 19.50262705531009
13.498998886991611, 1.5044315013570764
13.505478725849098, 3.5034814925137234
13.495875621825725, 5.500646900437694
13.497915976793541, 7.498237867163891
13.49401446509563, 9.501531681657863
13.49985392273635, 11.505884054950542
13.500244363890559, 13.500377995024511
13.504683922955957, 15.498213327811982
13.500164079344666, 17.50238408220394
13.492541044926734, 19.50273087059598
15.5012852987835, 1.5012085808643798
15.49853138204054, 3.496516305379043
15.502604516246654, 5.503512448524292
15.497355415505428, 7.503164958584958
15.495179935515216, 9.497317439427968
15.501203040974087, 11.500507896487118
15.503859823027659, 13.503718865362385
15.494037080789612, 15.497292008560285
15.502723736827907, 17.501880357641074
15.497338333013028, 19.501597993621584
17.497718445925518, 1.4979772902310002
17.498520360061455, 3.501690043398468
17.5001936231888, 5.505937840424278
17.49547641103367, 7.496281930004855
17.499656943173314, 9.502699832125876
17.500467171550014, 11.497883937998344
17.499785818956596, 13.498060965514332
17.50572405566826, 15.501996363537366
17.4985404016377, 17.502052166574273
17.49888621524542, 19.499928635186343
19.499330348402093, 1.5043427825233602
19.49859354181936, 3.5035978831065866
19.50055059606175, 5.5035148025065315
19.500828020529514, 7.502035583705558
19.498446284711143, 9.500111912984348
19.500748831909867, 11.5004358357268
19.501804064766112, 13.506428772494779
19.50125296812319, 15.501783580033898
19.49793719980613, 17.50101029623603
19.500462561755555, 19.49609287938085
