15.498531382040586, 3.4965163053790453
3.5022639825394553, 19.50186290767369
3.496562336712234, 3.494087521728389
19.500550596061768, 5.503514802506535
17.49547641103364, 7.496281930004823
11.501803222441891, 5.499523638007421
9.499088489526878, 7.499277199858742
3.5000731474050224, 13.498742647867992
5.501494333087944, 11.500225958826569
9.50100499701273, 5.495820029165874
15.503859823027605, 13.503718865362337
11.4995275967578, 11.503068082779096
19.50074883190974, 11.500435835726758
1.5023507670780536, 11.50110617790579
13.494014465095676, 9.50153168165788
15.49733833301299, 19.501597993621587
3.5013707632210482, 1.4933447167211211
3.494572800288564, 7.501763278010348
17.49852036006139, 3.5016900433984666
9.498000981655016, 1.5075033041842472
9.505865462618129, 17.498029652850057
11.501121361518551, 17.499273923665623
9.502237899661761, 19.50252605073558
17.499785818956454, 13.498060965514332
1.5022749986829225, 3.4950945892798395
13.498998886991554, 1.5044315013570702
13.500164079344612, 17.50238408220391
11.503324725755611, 3.4948390734178356
17.49888621524543, 19.49992863518642
15.494037080789608, 15.497292008560349
1.5009146322742264, 1.4995147551600996
1.5010863138013009, 7.495797154561295
7.504658085405929, 1.499305197219835
19.498446284711186, 9.500111912984382
5.500650846217519, 17.496112958728393
1.4970156963845285, 17.497710357852092
19.50046256175546, 19.496092879380754
17.505724055668253, 15.501996363537325
11.502291605531136, 9.502524904567693
3.50452241001775, 9.503994716348577
11.499904485142537, 19.50262705531023
9.496942663657496, 3.5028907068922295
9.497141046332864, 15.501423234339558
1.5036058459053603, 9.499987565879412
13.49254104492672, 19.502730870595972
19.49859354181935, 3.5035978831065826
7.49965924836203, 5.50066518205839
5.498614883122985, 19.50204220106778
7.4969134088629215, 7.498396305336443
11.497434018483423, 15.50346956094696
7.498532236955424, 17.497925449799236
13.50024436389055, 13.500377995024506
15.5026045162466, 5.5035124485243045
19.499330348402225, 1.504342782523354
19.501804064766127, 13.5064287724948
15.502723736827912, 17.50188035764106
19.497937199806174, 17.50101029623605
5.499455766546079, 9.497144514436595
13.504683922955952, 15.498213327811982
3.497376512690416, 5.501396885877805
7.5022912657945815, 13.499973380363539
3.497346023779928, 15.504334440190384
1.5031516009055483, 5.498050152190068
13.49587562182569, 5.500646900437682
9.497422583565568, 13.500773198208048
11.501085724261673, 1.5049218013160688
19.501252968123193, 15.501783580033777
17.498540401637715, 17.502052166574263
5.49577930019772, 1.5034065717891025
11.502196205178384, 7.501270210643721
15.49735541550551, 7.503164958584949
17.49965694317323, 9.502699832125883
17.500193623188718, 5.505937840424283
17.500467171550017, 11.497883937998333
5.499560336697611, 7.5006808649824155
1.50268703066602, 19.493009792671806
5.4972895506914945, 15.501327802376906
3.4967225899613665, 17.498635616176685
13.505478725849052, 3.5034814925137288
15.50120304097404, 11.50050789648708
9.498637928268911, 11.501077777382951
5.503557455013126, 13.50206843715364
15.495179935515234, 9.49731743942792
7.495022373769748, 11.507178363602605
1.496582615684956, 15.500791162141475
9.502404133381512, 9.495425963594668
1.500843960115931, 13.500033111619587
5.496537227714157, 5.503451684262153
11.498008364910595, 13.506120151507599
3.50163694005489, 11.497708773235653
7.5029357160460926, 15.499349249453306
7.500317259059325, 3.503450839531407
7.500660822156221, 9.497080546446414
13.497915976793577, 7.498237867163904
15.501285298783515, 1.5012085808643838
19.50082802052945, 7.5020355837055765
7.501506734726209, 19.49868969035494
13.499853922736381, 11.505884054950553
17.497718445925525, 1.4979772902309965
5.498962817457082, 3.4976933257205136
